11.1 2
11.29 0
11.48 0
11.66 0
11.79 1
11.92 3
12.05 0
12.22 3
12.41 0
12.6 0
12.78 1
12.97 0
13.15 0
13.34 0
13.52 3
13.72 0
13.9 2
14.08 1
14.27 2
14.46 3
14.64 1
14.83 3
15.01 1
15.2 2
15.39 0
15.58 3
15.76 3
15.95 0
16.13 0
16.32 1
16.51 1
16.7 2
16.88 1
17.06 2
17.25 2
17.44 0
17.62 2
17.81 0
18.0 1
18.18 0
18.37 2
18.56 2
18.74 2
18.93 1
19.11 2
19.3 1
19.49 1
19.67 2
19.86 3
20.05 1
20.23 2
20.43 3
20.61 0
20.79 3
20.98 2
21.16 3
21.35 2
21.54 2
21.72 2
21.91 1
22.1 1
22.28 0
22.47 1
22.66 2
22.84 2
23.03 0
23.15 0
23.4 0
23.59 3
23.72 3
23.85 3
23.99 1
24.15 0
24.33 0
24.52 3
24.71 0
24.89 0
25.08 2
25.27 0
25.45 3
25.64 2
25.82 0
26.01 0
26.19 1
26.38 2
26.57 2
26.75 0
26.94 0
27.14 2
27.32 3
27.5 1
27.69 0
27.87 0
28.06 1
28.25 0
28.43 2
28.62 0
28.8 3
28.99 0
29.18 2
29.37 2
29.55 1
29.74 1
29.92 3
30.11 1
30.29 3
30.48 0
30.67 3
30.86 3
31.04 1
31.23 0
31.41 0
31.6 0
31.78 0
31.97 2
32.16 2
32.35 1
32.53 2
32.72 0
32.9 0
33.1 1
33.28 0
33.47 2
33.65 3
33.85 3
34.03 1
34.21 3
34.39 1
34.58 2
35.1 1
35.51 0
35.64 3
35.77 0
35.89 3
36.07 3
36.26 1
36.44 3
36.63 0
36.76 1
36.99 1
37.19 2
37.37 1
37.56 0
37.75 0
37.93 2
38.12 2
38.31 2
38.49 0
38.68 2
38.87 2
38.99 0
39.12 3
39.25 0
39.42 0
39.61 3
39.98 0
40.17 3
40.36 0
40.54 0
40.73 0
40.92 2
41.09 2
41.23 1
41.47 2
41.66 1
41.85 3
42.03 0
42.16 0
42.29 0
42.43 2
42.59 0
42.78 1
42.96 2
43.15 3
43.34 2
43.46 0
43.71 0
43.9 0
44.04 0
44.16 1
44.46 0
44.64 1
44.83 0
45.01 2
45.2 1
45.39 0
45.57 1
45.76 3
45.95 1
46.13 1
46.26 0
46.39 2
46.52 2
46.69 2
46.88 1
47.0 0
47.13 0
47.26 1
47.44 3
47.57 0
47.7 0
47.83 3
48.0 2
48.18 3
48.35 1
48.56 0
48.93 2
49.11 2
49.3 1
49.43 2
49.67 1
49.86 3
50.05 1
50.24 3
50.42 3
50.61 1
50.79 2
50.98 0
51.16 0
51.33 0
51.54 3
51.72 2
51.91 1
52.1 0
52.28 3
52.65 1
52.85 0
53.02 2
53.15 0
53.4 1
53.59 3
53.77 3
53.9 1
54.14 1
54.33 3
54.52 2
54.64 3
54.89 3
55.08 1
55.26 0
55.44 3
55.64 3
55.82 0
55.95 1
56.07 0
56.2 1
56.38 0
56.57 1
56.76 2
56.94 1
57.13 0
57.31 0
57.5 1
57.69 2
57.87 1
58.06 0
58.18 3
58.43 2
58.56 0
58.8 0
58.94 3
59.06 1
59.19 2
59.34 1
59.51 2
59.64 0
59.76 0
59.9 3
60.11 2
60.29 1
60.48 1
60.65 2
60.85 2
61.04 2
61.23 0
61.41 0
61.54 1
61.78 2
61.97 3
62.14 0
62.34 2
62.53 3
62.69 2
62.82 0
62.96 2
63.08 1
63.28 2
63.42 1
63.54 0
63.67 1
63.83 1
63.96 3
64.18 1
64.32 3
64.58 3
64.76 1
64.95 2
65.14 3
65.32 1
65.45 2
65.7 3
65.85 0
66.07 2
66.2 2
66.44 1
66.6 0
66.82 0
66.94 1
67.19 0
67.32 1
67.56 3
67.73 1
67.91 0
68.04 2
68.18 1
68.31 2
68.43 3
68.68 2
68.8 3
69.05 2
69.24 0
69.37 0
69.59 0
69.72 3
69.84 2
69.98 3
70.12 3
70.25 0
70.38 0
70.53 3
70.66 2
70.78 1
70.91 2
71.1 0
71.23 3
72.01 2
72.22 0
72.39 2
72.52 3
72.64 0
72.78 3
72.9 3
73.03 3
73.15 3
73.28 3
73.41 0
73.53 3
73.67 1
73.79 2
73.92 1
74.08 1
74.27 1
74.44 3
74.57 0
74.69 0
74.83 1
75.01 3
75.2 2
75.39 2
75.57 3
75.7 3
75.95 1
76.07 1
76.2 0
76.33 1
76.45 0
76.58 3
76.7 2
76.84 0
76.99 0
77.13 3
77.25 3
77.39 2
77.52 2
77.65 1
77.81 2
77.96 2
78.18 2
78.37 3
78.49 0
78.62 2
78.75 1
78.93 2
79.11 3
79.3 0
79.43 3
79.67 2
79.86 1
80.04 0
80.23 2
80.39 3
80.57 1
80.7 0
80.83 2
80.98 2
81.16 2
81.29 0
81.42 2
81.54 1
81.72 1
81.91 3
82.04 3
82.16 3
82.29 1
82.47 3
82.66 2
82.79 1
82.92 1
83.05 2
83.17 2
83.4 2
83.59 1
83.78 2
83.92 3
84.05 3
84.17 3
84.32 3
84.32 2
84.45 2
84.58 1
84.71 1
84.84 1
84.97 1
85.09 0
85.22 2
85.35 1
85.48 3
85.64 1
85.77 3
85.9 2
86.03 0
86.16 3
86.29 2
86.42 3
86.57 1
86.75 0
86.91 1
87.05 1
87.17 1
87.31 0
87.49 2
87.62 3
87.78 3
87.9 0
88.03 3
88.15 0
88.28 1
88.42 3
88.62 3
88.81 2
88.99 0
89.16 2
89.29 2
89.42 0
89.55 3
89.67 2
89.8 3
89.93 1
90.11 1
90.29 2
90.42 0
90.55 3
90.67 3
90.82 2
91.04 0
91.16 2
91.37 2
91.5 0
91.63 0
91.78 2
91.97 3
92.1 2
92.26 2
92.39 2
92.51 2
92.64 3
92.76 2
92.89 1
93.09 0
93.27 3
93.4 3
93.53 2
93.66 2
93.84 3
93.97 0
94.1 1
94.23 0
94.35 2
94.54 3
94.67 0
94.8 0
94.95 2
95.08 1
95.21 3
95.5 0
95.89 0
96.26 3
96.44 2
96.69 0
97.05 0
98.68 3
98.8 1
98.94 0
99.07 0
99.24 1
99.41 3
99.54 3
99.67 0
99.8 2
99.99 0
100.17 3
100.36 2
100.54 2
100.73 2
100.92 1
101.1 2
101.29 2
101.47 1
101.66 2
101.85 0
102.04 2
102.22 3
102.41 0
102.6 1
102.78 3
102.97 0
103.15 0
103.34 2
103.53 3
103.71 0
103.9 2
104.08 3
104.27 0
104.46 3
104.65 0
104.83 3
105.02 3
105.2 1
105.39 0
105.57 2
105.76 3
105.95 0
106.13 2
106.32 2
106.51 2
106.69 0
106.88 3
107.06 0
107.26 2
107.44 2
107.63 0
107.81 2
108.0 2
108.18 0
108.37 3
108.55 2
108.68 0
108.93 1
109.12 1
109.3 1
109.49 3
109.67 1
109.87 3
110.05 2
110.23 3
110.42 0
110.6 1
110.77 0
110.95 3
111.16 2
111.29 0
111.45 1
111.58 1
111.72 2
111.91 1
112.28 2
112.44 3
112.65 3
112.84 3
113.03 2
113.21 2
113.4 1
113.59 1
113.77 1
113.96 0
114.14 0
114.34 2
114.52 0
114.71 1
114.89 2
115.08 0
115.26 2
115.45 0
115.64 1
115.82 3
116.01 2
116.2 0
116.38 3
116.57 1
116.76 2
116.89 0
117.13 3
117.32 3
117.5 0
117.62 1
117.8 1
117.93 3
118.06 2
118.24 1
118.43 1
118.62 1
118.8 2
118.99 0
119.18 2
119.36 0
119.55 2
119.68 1
119.8 0
119.93 0
120.11 3
120.3 3
120.48 3
120.67 0
120.85 3
121.04 0
121.23 3
121.35 1
121.6 3
121.78 0
121.97 0
122.16 1
122.34 0
122.53 2
122.71 0
122.84 1
123.09 0
123.21 2
123.34 2
123.47 1
123.6 3
123.83 2
124.02 3
124.21 3
124.39 0
124.58 3
124.77 3
124.95 1
125.14 2
125.28 2
125.51 0
125.7 3
125.86 3
126.07 1
126.26 2
126.44 2
126.58 3
126.82 3
127.0 0
127.19 0
127.38 3
127.56 1
127.75 2
127.93 2
128.13 0
128.31 3
128.5 1
128.62 1
128.75 1
128.88 0
129.05 1
129.24 1
129.42 0
129.55 3
129.8 0
129.98 2
130.17 0
130.35 3
130.54 2
130.74 0
130.91 1
131.05 3
131.29 1
131.47 1
131.66 0
131.79 0
132.03 3
132.22 0
132.41 2
132.59 2
132.78 2
132.96 0
133.15 0
133.34 0
133.52 3
133.66 2
133.79 1
133.92 2
134.08 3
134.21 2
134.46 1
134.59 2
134.72 3
134.84 1
134.99 2
135.15 1
135.28 0
135.41 1
135.53 3
135.66 0
135.95 0
136.13 3
136.32 2
136.51 1
136.64 3
136.87 3
137.0 1
137.12 0
137.25 3
137.44 2
137.62 3
137.81 1
138.0 0
138.18 3
138.37 3
138.49 0
138.74 0
138.93 1
139.11 0
139.24 0
139.49 0
139.67 3
139.86 2
139.98 3
140.23 3
140.4 1
140.61 2
140.79 0
140.98 0
141.17 1
141.35 1
141.54 2
141.73 1
141.91 3
142.09 1
142.28 2
142.47 1
142.6 2
142.84 1
143.03 2
143.21 2
143.39 1
143.59 0
143.76 2
143.89 3
144.01 3
144.14 1
144.29 1
144.44 0
144.57 3
144.7 3
144.89 0
145.03 2
145.26 0
145.39 3
145.56 0
145.69 1
145.82 0
146.01 3
146.17 1
146.38 1
146.57 3
146.75 0
146.91 1
147.68 0
147.81 2
147.94 0
148.06 1
148.19 3
148.34 0
148.48 0
148.61 0
148.73 1
148.86 1
148.99 0
149.14 2
149.33 0
149.46 3
149.58 1
149.74 0
149.91 2
150.11 3
150.29 1
150.47 3
150.67 3
150.81 2
150.95 3
151.08 1
151.23 1
151.36 2
151.5 2
151.62 1
151.78 2
151.92 2
152.05 0
152.17 3
152.34 2
152.47 3
152.6 1
152.72 2
152.85 3
153.09 3
153.21 0
153.34 3
153.46 1
153.64 0
153.8 3
153.92 3
154.05 1
154.18 0
154.33 3
154.48 1
154.61 3
154.77 1
154.95 2
155.14 1
155.33 0
155.5 3
155.5 1
155.63 3
155.76 2
155.89 0
156.05 0
156.18 1
156.3 3
156.45 2
156.57 1
156.82 2
157.0 0
157.14 3
157.37 1
157.56 0
157.71 0
157.84 0
157.96 0
158.1 3
158.22 3
158.35 1
158.48 1
158.62 1
158.75 2
158.87 1
159.06 0
159.24 1
159.42 1
159.61 3
159.74 1
159.87 1
159.99 3
160.12 1
160.24 2
160.37 0
160.5 2
160.63 0
160.75 0
160.88 2
161.02 2
161.15 1
161.28 0
161.41 3
161.53 2
161.66 2
161.83 1
162.0 1
162.22 1
162.38 2
162.59 1
162.75 1
162.97 3
163.15 2
163.28 3
163.53 1
163.71 2
163.84 3
163.98 1
164.11 2
164.27 2
164.4 2
164.53 0
164.65 1
164.83 0
164.96 3
165.08 1
165.21 3
165.35 3
165.56 1
165.69 0
165.82 0
165.95 1
166.08 2
166.2 2
166.33 0
166.49 1
166.61 2
166.74 2
166.88 3
167.06 1
167.25 2
167.43 2
167.62 3
167.75 3
168.0 2
168.18 3
168.31 2
168.44 3
168.57 1
168.71 2
168.92 2
169.05 0
169.17 2
169.3 3
169.49 2
169.63 3
169.76 1
169.88 0
170.02 1
170.14 0
170.27 0
170.42 1
170.61 3
170.75 3
171.08 0
171.56 2
171.82 1
172.28 0
172.41 3
172.54 0
172.66 0
172.83 0
173.03 3
173.21 3
173.4 3
173.59 3
173.77 2
173.96 2
174.14 1
174.34 3
174.52 1
174.7 2
174.89 2
175.08 3
175.27 3
175.45 3
175.64 0
175.82 1
176.01 2
176.19 2
176.39 3
176.57 2
176.75 2
176.94 2
177.13 0
177.32 1
177.5 1
177.63 0
177.76 1
178.06 2
178.25 1
178.38 0
178.55 3
178.68 0
178.81 2
178.99 2
179.18 1
179.36 2
179.55 3
179.74 3
179.92 1
180.11 0
180.24 2
180.48 3
180.67 2
180.85 2
181.04 2
181.23 3
181.42 1
181.6 0
181.79 0
181.97 3
182.16 2
182.34 1
182.53 1
182.72 3
182.9 3
183.09 2
183.22 3
183.46 2
183.65 0
183.83 2
184.02 1
184.21 0
184.33 1
184.46 0
184.58 0
184.77 0
184.95 2
185.14 0
185.33 3
185.51 2
185.7 2
185.89 1
186.07 0
186.26 1
186.45 0
186.63 1
186.82 3
187.01 1
187.19 0
187.32 0
187.46 0
187.75 1
187.93 0
188.13 0
188.31 0
188.49 3
188.68 3
188.81 3
188.93 1
189.06 2
189.24 1
189.43 2
189.62 2
189.8 1
189.99 3
190.17 3
190.3 2
190.45 1
190.71 1
190.91 3
191.1 3
191.29 2
191.47 3
191.67 0
191.8 2
191.92 0
192.05 2
192.22 0
192.35 3
192.59 2
192.72 2
192.97 3
193.1 3
193.34 3
193.9 1
194.02 2
194.15 2
194.27 2
194.4 0
194.53 1
194.65 2
194.78 0
194.9 2
195.03 1
195.16 3
195.3 2
195.42 3
195.57 1
195.73 1
195.85 3
195.98 2
196.13 0
196.31 1
196.44 1
196.56 1
196.69 2
196.89 1
197.07 3
197.25 0
197.44 3
197.57 1
197.72 3
197.85 3
197.99 3
198.12 3
198.25 2
198.38 2
198.55 2
198.67 1
198.8 3
198.93 2
199.11 0
199.3 0
199.43 3
199.56 1
199.68 3
199.83 3
200.03 0
200.23 3
200.37 2
200.56 0
200.79 1
200.92 2
201.04 3
201.17 3
201.29 0
201.54 0
201.72 3
201.91 3
202.09 2
202.25 1
202.41 0
202.53 1
202.66 0
202.84 3
203.03 1
203.16 0
203.28 3
203.41 0
203.59 3
203.77 0
203.92 0
204.05 2
204.17 2
204.33 3
204.52 2
204.7 1
204.89 3
205.07 3
205.26 2
205.45 1
205.64 3
205.78 0
205.91 0
206.04 3
206.19 1
206.19 0
206.31 3
206.45 0
206.57 2
206.7 1
206.83 2
206.96 2
207.09 2
207.22 1
207.35 3
207.5 1
207.63 2
207.76 2
207.89 0
208.02 2
208.19 3
208.32 2
208.44 1
208.62 0
208.79 2
208.91 0
209.04 3
209.17 3
209.36 2
209.5 3
209.64 3
209.76 2
209.89 3
210.02 2
210.14 2
210.29 3
210.47 1
210.67 2
210.8 0
210.93 0
211.05 1
211.18 1
211.31 3
211.43 3
211.6 1
211.79 3
211.97 1
212.16 1
212.3 0
212.43 0
212.56 0
212.72 0
212.9 0
213.04 1
213.24 2
213.46 3
213.65 0
213.77 0
213.9 1
214.02 0
214.15 0
214.28 0
214.4 0
214.53 2
214.67 1
214.79 0
214.95 2
215.08 3
215.21 1
215.33 0
215.51 0
215.7 1
215.88 3
216.01 2
216.14 3
216.27 3
216.44 3
216.58 3
216.7 0
216.83 3
216.98 3
217.11 2
217.35 0
217.74 0
217.94 1
218.12 3
218.31 2
218.48 2
218.61 2
218.74 0
218.86 1
219.05 2
219.24 1
219.42 1
219.61 0
219.8 1
219.98 3
220.17 0
220.33 0
220.46 2
220.58 0
220.72 1
220.85 3
220.99 3
221.12 1
221.24 0
221.37 3
221.5 3
221.63 1
221.76 0
221.88 3
222.03 1
222.16 3
222.29 0
222.42 3
222.59 2
222.77 0
222.9 0
223.03 2
223.16 2
223.34 2
223.53 2
223.65 0
223.78 2
223.91 3
224.08 3
224.23 3
224.36 0
224.48 3
224.63 3
224.76 3
224.91 2
225.03 3
225.2 0
225.39 0
225.57 0
225.74 1
225.91 2
226.04 0
226.17 0
226.32 1
226.45 1
226.57 1
226.7 1
226.83 0
226.96 2
227.09 0
227.25 1
227.44 3
227.63 1
227.81 1
228.0 1
228.19 0
228.37 1
228.56 0
228.68 1
228.81 1
228.94 3
229.11 1
229.24 3
229.37 0
229.49 2
229.62 2
229.62 3
229.74 1
229.87 2
230.0 1
230.23 2
230.42 1
230.55 1
230.68 1
230.81 0
230.94 3
231.07 2
231.19 3
231.35 1
231.54 1
231.73 1
231.91 1
232.04 1
232.24 0
232.38 1
232.5 0
232.5 3
232.65 2
232.78 1
232.9 0
233.03 0
233.16 1
233.28 0
233.41 2
233.55 0
233.68 1
233.81 0
233.94 1
234.14 0
234.28 1
234.51 0
234.7 1
234.89 0
235.02 2
235.14 0
235.27 2
235.4 1
235.53 0
235.66 2
235.83 1
235.96 0
236.09 3
236.21 1
236.34 0
236.47 0
236.59 2
236.72 2
236.85 0
236.98 2
237.13 1
237.31 0
237.5 0
237.63 3
237.76 0
237.89 0
238.06 0
238.24 0
238.37 0
238.49 2
238.62 0
238.76 3
238.89 2
239.02 3
239.17 1
239.36 0
239.55 2
239.74 1
239.92 2
240.11 1
240.3 3
240.48 3
240.67 0
240.86 2
240.99 2
241.13 2
241.28 1
241.4 1
241.6 3
241.72 0
241.92 2
242.05 3
242.18 1
242.3 1
242.43 1
242.56 1
242.71 0
242.9 0
243.09 3
243.22 2
243.34 2
243.47 2
243.6 0
243.83 3
243.96 3
244.21 0
244.39 1
244.58 2
244.77 1
244.95 1
245.08 1
245.21 2
245.33 1
245.46 1
245.59 3
245.72 1
245.88 3
246.01 3
246.14 1
246.26 0
246.39 0
246.52 3
246.65 0
246.79 0
246.92 2
247.05 0
247.19 1
247.37 3
247.56 2
247.75 0
247.94 0
248.12 1
248.25 1
248.37 3
248.5 3
248.68 2
248.87 1
248.99 1
249.12 1
249.24 0
249.38 2
249.61 0
249.8 0
249.99 0
250.18 3
250.36 1
250.54 0
250.67 3
250.91 0
251.04 2
251.17 0
251.29 1
251.43 2
251.57 1
251.7 3
251.85 3
251.98 0
252.11 0
252.23 1
252.41 3
252.56 1
252.76 3
252.89 1
253.01 2
253.15 3
253.34 0
253.53 1
253.71 2
253.9 1
254.08 0
254.27 0
254.42 2
254.64 2
254.83 0
255.02 0
255.2 0
255.39 3
255.57 3
255.76 0
255.95 3
256.13 1
256.32 2
256.51 0
256.69 3
256.88 1
257.01 3
257.13 2
257.26 0
257.38 2
257.51 3
257.64 3
257.81 2
257.95 2
258.07 2
258.2 0
258.32 0
258.54 3
258.68 2
258.81 0
258.81 3
258.93 0
259.06 0
259.21 3
259.34 3
259.49 2
259.62 3
259.86 2
260.05 1
260.17 2
260.3 3
260.42 2
260.6 1
260.79 1
260.93 1
261.06 3
261.19 3
261.35 0
261.48 0
261.62 2
261.74 1
261.91 3
262.04 0
262.28 1
262.47 3
262.6 0
262.84 2
262.97 0
263.09 1
263.22 0
263.35 3
263.47 1
263.6 2
263.73 0
263.86 0
263.98 1
264.11 0
264.33 3
264.52 3
264.71 2
264.86 2
264.99 3
265.11 2
265.26 3
265.42 0
265.54 0
265.67 3
265.82 1
266.01 3
266.19 1
266.39 2
266.57 2
266.75 3
266.94 0
267.13 1
267.31 0
267.5 0
267.68 0
267.81 3
268.06 1
268.24 2
268.43 1
268.62 3
268.81 1
269.37 1
